0.8397167575400241
0.22210815200117928
0.08032646884461035
0.028006530830997037
0.015112670618815176
0.007039231007387298
0.00412299716006594
0.0022557231034569126
0.0011999285712150267
0.0008695097022839569
0.00045258508607919036
0.0003170288102168535
0.00021241914015624776
0.00011616956474103595
9246102912347934e-20
5287750379521556e-20
34882201099981654e-21
25867641271376175e-21
13572987000912124e-21
1100298319609372e-20
6584969259087431e-21
40993533234865496e-22
3181675351274634e-21
16704537280209577e-22
13125769429111147e-22
8278769404626017e-22
4887779333222042e-22
3882808109011111e-22
20920788472221878e-23
155386073349224e-21
10382913793107927e-23
58615045174412386e-24
4695853553671184e-23
26328662065012083e-24
1829896302942062e-23
12924852031965476e-24
7090129089092794e-24
5628876084589247e-24
3316603427762087e-24
2152337637598962e-24
15951338736093603e-25
8675437720954365e-25
6694747832788128e-25
41737648788918065e-26
2539573177815298e-25
19522586229503179e-26
10741831119002743e-26
7915692037029971e-26
5237228084201537e-26
3020182469944005e-26
