0.9903208212580796
0.24825523733880267
0.10146375886872848
0.04903762653257054
0.03579545057616397
0.022291927379946713
0.019688269748332415
0.013967427483781736
0.011814040123976402
0.009012135723958025
0.008247574814633476
0.0064252701627432835
0.00597640090301226
0.005322785161927008
0.004457295506788136
0.004597488672707294
0.0035913952636554554
0.0038749580481019417
0.003149139022753549
0.0031568510586164264
0.0028678055320205853
0.0025303149439377393
0.0025801830593548446
0.002070782642381002
0.0022346534417924903
0.0017845368804601251
0.0018555859063487238
0.0016022443091225308
0.0014982495924807328
0.0014417011125171626
0.0012135455897724647
0.0012611179114622438
0.0010209699230223535
0.0010609622925590444
0.0008984105812799008
0.0008643848318014672
0.0008038389869364526
0.0006985780422078206
0.0007072039239399302
0.0005796654174360785
0.0006009744972061662
0.0005030067373142299
0.0004934795177698987
0.0004483168309989519
0.00039885012203029827
0.0003966021462662754
0.00032801505460915484
0.00034020920393791084
0.0002817434494724377
0.0002815472780229605
